order_month,revenue,orders,aov
2016-10,40325.11,265,152.17022641509433
2016-12,10.9,1,10.9
2017-01,111712.47,748,149.34822192513369
2017-02,232638.86000000002,1641,141.7665204143815
2017-03,359198.85,2546,141.0836017282011
2017-04,340669.68,2303,147.9243074250977
2017-05,489159.25,3545,137.98568406205925
2017-06,421923.37,3135,134.58480701754385
2017-07,481604.52,3872,124.3813326446281
2017-08,554699.7,4193,132.29184354877174
2017-09,607220.67,4149,146.3534996384671
2017-10,648247.65,4478,144.76276239392587
2017-11,987648.07,7288,135.5170238748628
2017-12,726033.1900000001,5513,131.694756031199
2018-01,924645.0,7069,130.80280096194653
2018-02,826437.13,6555,126.0773653699466
2018-03,953356.25,7003,136.13540625446237
2018-04,973534.09,6798,143.2088982053545
2018-05,977544.6900000001,6749,144.84289376203884
2018-06,855591.97,6096,140.35301345144356
2018-07,867486.47,6156,140.91723034437948
2018-08,838576.64,6351,132.03851991812314
